source,target,bootstrap_freq
